1 340 4
[ 2.5635   6.7769  -0.61979  0.38576]
[ 5.0297  -4.9704   3.5025  -0.23751]
[ 3.6894  9.887  -4.0788 -4.3664]
[-0.16108 -6.4624   8.3573  -1.5216 ]
[ 2.0843   6.6258   0.48382 -2.2134 ]
[ 2.6104   8.0081  -0.23592 -1.7608 ]
[ 2.8672 10.0008 -3.2049 -3.1095]
[-0.10648 -0.76771  7.7575   0.64179]
[ 3.5458  9.3718 -4.0351 -3.9564]
[0.64215 3.1287  4.2933  0.64696]
[4.0405  0.51524 1.0279  1.106  ]
[-0.2361  9.3221  2.1307 -4.3793]
[ 3.866   -2.6383   1.9242   0.10645]
[-0.7869  9.5663 -3.7867 -7.5034]
[ 1.8993   7.6625   0.15394 -3.1108 ]
[-0.91718  9.9884   1.1804  -5.2263 ]
[ 3.8832   6.4023  -2.432   -0.98363]
[ 3.9899  -2.7066   2.3946   0.86291]
[ 4.0962 10.1891 -3.9323 -4.1827]
[-7.0421   9.2      0.25933 -4.6832 ]
[-0.36025 -4.449    2.1067   0.94308]
[-2.9915 -6.6258  8.6521  1.8198]
[ 0.21431 -0.69529  0.87711  0.29653]
[-2.62    -6.8555   6.2169  -0.62285]
[-6.7387   6.9879   0.67833 -7.5887 ]
[-1.2943   2.6735  -0.84085 -2.0323 ]
[-3.9698   3.6812  -0.60008 -4.0133 ]
[-1.4233  -0.98912  2.3586   0.39481]
[-2.2625   -0.099335  2.8127    0.48662 ]
[-1.7015   -0.010356 -0.99337  -0.53104 ]
[-0.47465 -4.3496   1.9901   0.7517 ]
[-1.7279  -6.841    8.9494   0.68058]
[-4.8426  -4.9932  10.4052  -0.53104]
[-2.1979  -2.1252   1.7151   0.45171]
[ 1.5356   9.1772  -2.2718  -0.73535]
[ 4.8368 10.0132 -4.3239 -4.3276]
[-2.484  12.1611  2.8204 -3.7418]
[ 4.7926    1.7071   -0.051701  1.4926  ]
[ 4.0422 -4.391   4.7466  1.137 ]
[ 0.5706 -0.0248  1.2421 -0.5621]
[ 4.1542  7.2756 -2.4766 -1.2099]
[3.5438 1.2395 1.997  2.1547]
[-1.3    10.2678 -2.953  -5.8638]
[ 0.049175  6.1437    1.7828   -0.72113 ]
[ 4.0948  -2.9674   2.3689   0.75429]
[ 4.1711   8.722   -3.0224  -0.59699]
[ 1.5099    0.039307  6.2332   -0.30346 ]
[ 1.8592   3.2074  -0.15966 -0.26208]
[ 3.7321    -3.884      3.3577    -0.0060486]
[ 2.8261  9.4007 -3.3034 -1.0509]
[ 5.1321   -0.031048  0.32616   1.1151  ]
[ 0.4339   5.5395   2.033   -0.40432]
[ 5.7867   7.8902  -2.6196  -0.48708]
[ -2.8957 -12.0205  11.9149  -2.7552]
[-1.4094  -2.1252  -0.10397 -0.19225]
[-3.6085   3.3253  -0.51954 -3.5737 ]
[-0.55355 -7.9233   6.7156   0.74394]
[-4.8861   7.0542  -0.17252 -6.959  ]
[-1.4454  -8.4385   8.8483   0.96894]
[ 1.5514  3.8013 -4.9143 -3.7483]
[-0.55008  2.8659  -1.6488  -2.4319 ]
[-1.6662   -0.30005   1.4238    0.024986]
[-2.8829  3.8964 -0.1888 -1.1672]
[-1.5322  -5.0966   6.6779   0.17498]
[-0.29858  2.4769  -2.9512  -0.66165]
[ 0.0096613  3.5612    -4.407     -4.4103   ]
[ -1.7713 -10.7665  10.2184  -1.0043]
[ 0.61652  3.8944  -4.7275  -4.3948 ]
[ 3.3004   7.0811  -1.3258   0.22283]
[ 1.6032 -4.7863  8.5193 -2.1203]
[4.2027  0.22761 0.96108 0.97282]
[ 3.7818  -2.8846   2.2558  -0.15734]
[4.223   1.1319  0.72202 0.96118]
[ 2.9571  -4.5938   5.9068   0.57196]
[ 3.9663 10.1684 -4.1131 -4.6056]
[ 5.086   3.2798 -1.2701  1.1189]
[ 3.2303  7.8384 -3.5348 -1.2151]
[-2.343  12.9516  3.3285 -5.9426]
[ 1.6849  8.7489 -1.2641 -1.3858]
[ 3.0333 -2.5928  2.3183  0.303 ]
[ 3.0934  -2.9177   2.2232   0.22283]
[2.4673  1.3926  1.7125  0.41421]
[1.3562  3.2136  4.3465  0.78662]
[ 4.2969   7.617   -2.3874  -0.96164]
[ 1.5701   7.9129   0.29018 -2.1953 ]
[ 4.6562  7.6398 -2.4243 -1.2384]
[ 2.3136 10.6651 -3.5288 -4.7672]
[ 0.39012  -0.14279  -0.031994  0.35084 ]
[-2.258   -9.3263   9.3727  -0.85949]
[-0.56877  1.4174  -1.4252  -1.1246 ]
[ 0.84546  3.4826  -3.6307  -1.3961 ]
[-2.0285   3.8468  -0.63435 -1.175  ]
[ -4.4775 -13.0303  17.0834  -3.0345]
[-1.682  -6.8121  7.1398  1.3323]
[-1.8187  -9.0366   9.0162  -0.12243]
[ 0.26517  2.4066  -2.8416  -0.59958]
[ 0.60731  3.9544  -4.772   -4.4853 ]
[ -2.9672 -13.2869  13.4727  -2.6271]
[-3.3125   0.10139  0.55323 -0.2957 ]
[-2.0046  -0.49457  1.333    1.6543 ]
[-1.5078 -7.3191  7.8981  1.2289]
[ 0.47368  3.3605  -4.5064  -4.0431 ]
[ 2.7831 10.9796 -3.557  -4.4039]
[ 0.94225  5.8561   1.8762  -0.32544]
[-0.11783  -1.5789    8.03     -0.028031]
[ 2.1464  6.0795 -0.5778 -2.2302]
[4.2772  2.4955  0.48554 0.36119]
[-0.27802  8.1881  -3.1338  -2.5276 ]
[-1.5768 10.843   2.5462 -2.9362]
[-2.6989  12.1984   0.67661 -8.5482 ]
[-1.1193 10.7271  2.0938 -5.6504]
[-0.39816  5.9781   1.3912  -1.1621 ]
[-0.53966  7.3273   0.46583 -1.4543 ]
[ 0.19081  9.1297  -3.725   -5.8224 ]
[ 0.7057 -5.4981  8.3368 -2.8715]
[4.1373  0.49248 1.093   1.8276 ]
[-1.5055    0.070346  6.8681   -0.50648 ]
[ 4.1529   -3.9358    2.8633   -0.017686]
[ 2.0597  -0.99326  5.2119  -0.29312]
[ 3.2051  8.6889 -2.9033 -0.7819]
[ 3.8969   7.4163  -1.8245   0.14007]
[-3.      -9.1566   9.5766  -0.73018]
[-2.0659   1.0512  -0.46298 -1.0974 ]
[-0.40951  -0.15521   0.060545 -0.088807]
[ 0.53936  3.8944  -4.8166  -4.3418 ]
[-3.0731  -0.53181  2.3877   0.77627]
[-1.9881   0.99945 -0.28562 -0.70044]
[-2.7723  3.2777 -0.9351 -3.1457]
[-2.0149  3.6874 -1.9385 -3.8918]
[-2.121   -0.05588  1.949    1.353  ]
[-2.2183  -1.254    2.9986   0.36378]
[-0.70346  2.957   -3.5947  -3.1457 ]
[-1.8439  -8.6475   7.6796  -0.66682]
[-3.3553   0.35591  2.6473  -0.37846]
[-1.3995  -1.9162   2.5154   0.59912]
[-0.71494 -4.4448   2.2241   0.49826]
[-0.12624 10.3216  -3.7121  -6.1185 ]
[ 3.4769  -0.15314  2.53     2.4495 ]
[ 0.3292 -4.4552  4.5718 -0.9888]
[ 1.2746  8.8172 -1.5323 -1.7957]
[-1.9922 11.6542  2.6542 -5.2107]
[ 1.7496 -0.1759  5.1827  1.2922]
[ 3.583   -3.7971   3.4391  -0.12501]
[ 2.565   8.633  -2.9941 -1.3082]
[0.95626 2.4728  4.4578  0.21636]
[ 0.25035  9.3262  -3.6873  -6.2543 ]
[ 4.068   -2.9363   2.1992   0.50084]
[ 2.4235  9.5332 -3.0789 -2.7746]
[ 0.37984  0.70975  0.75716 -0.44441]
[3.6277  0.9829  0.68861 0.63403]
[ 3.8117 10.1457 -4.0463 -4.5629]
[-0.24811 -0.17797  4.9068   0.15429]
[ 2.5331   2.9135  -0.822   -0.12243]
[ 5.8519    5.3905   -2.4037   -0.061652]
[ 1.8314    6.3672   -0.036278  0.049554]
[-2.1405  -0.16762  1.321   -0.20906]
[-0.40804  0.54214 -0.52725  0.6586 ]
[-2.7908  -5.7133   5.953    0.45946]
[-2.286   -5.4484   5.8039   0.88231]
[-1.4106  -7.108    5.6454   0.31335]
[-1.522   -6.6383   5.7491  -0.10691]
[ 1.208   4.0744 -4.7635 -2.6129]
[-2.564   -1.7051   1.5026   0.32757]
[-0.72068 -6.7583   5.8408   0.62369]
[-1.9725  2.8825 -2.3086 -2.3724]
[ -3.73   -12.9723  12.9817  -2.684 ]
[-2.0962  -7.1059   6.6188  -0.33708]
[-6.3364    9.2848    0.014275 -6.7844  ]
[-0.40857  3.0977  -2.9607  -2.6892 ]
[ 0.26877  4.987   -5.1508  -6.3913 ]
[-0.64472 -4.6062   8.347   -2.7099 ]
[1.3087  4.9228  2.0013  0.22024]
[ 6.5633  9.8187 -4.4113 -3.2258]
[ 2.7213   7.05    -0.58808  0.41809]
[4.6689   1.3098   0.055404 1.909   ]
[ 2.6718   5.6574   0.72974 -1.4892 ]
[ 1.1166   8.6496  -0.96252 -1.8112 ]
[3.2718  1.7837  2.1161  0.61334]
[ 4.0713 10.4023 -4.1722 -4.7582]
[ 2.1526  -6.1665   8.0831  -0.34355]
[4.2458  1.1981  0.66633 0.94696]
[-1.2576   1.5892   7.0078   0.42455]
[2.5227  2.2369  2.7236  0.79438]
[-2.7419 11.4038  2.5394 -5.5793]
[ 2.8232 10.8513 -3.1466 -3.9784]
[ 2.5817  9.7546 -3.1749 -2.9957]
[3.8213  0.23175 2.0133  2.0564 ]
[ 1.742  -4.809   8.2142 -2.0659]
[-0.16682  5.8974   0.49839 -0.70044]
[-1.4427  3.2922 -1.9702 -3.4392]
[-0.89569  3.0025  -3.6067  -3.4457 ]
[ 1.296   4.2855 -4.8457 -2.9013]
[-4.0786   2.9239   0.87026 -0.65389]
[-3.6053  -5.974   10.0916  -0.82846]
[-2.1786  -6.4479   6.0344  -0.20777]
[ 0.066129  2.4914   -2.9401   -0.62156 ]
[-1.0833  -0.31247  1.2815   0.41291]
[ 0.11592  3.2219  -3.4302  -2.8457 ]
[ 0.26637  0.73252 -0.67891  0.03533]
[-2.9138  -9.4711   9.7668  -0.60216]
[-4.8392   6.6755  -0.24278 -6.5775 ]
[-4.0218 -8.304  12.555  -1.5099]
[-1.6244  -6.3444   4.6575   0.16981]
[ -2.0545 -10.8679   9.4926  -1.4116]
[ 2.5089    6.841    -0.029423  0.44912 ]
[0.80355 2.8473  4.3439  0.6017 ]
[ 3.4566  9.5228 -4.0112 -3.5944]
[ 4.0215 -2.1914  2.4648  1.1409]
[ 1.3638 -4.7759  8.4182 -1.8836]
[ 1.0135  8.4551 -1.672  -2.0815]
[ 4.2586 11.2962 -4.0943 -4.3457]
[ 3.884  10.0277 -3.9298 -4.0819]
[ 2.0165  -0.25246  5.1707   1.0763 ]
[5.0691  0.21313 0.20278 1.2095 ]
[ 3.5982   7.1307  -1.3035   0.21248]
[2.3066  3.5364  0.57551 0.41938]
[1.8799  2.4707  2.4931  0.37671]
[ 3.0948   8.7324  -2.9007  -0.96682]
[ 4.6464 10.5326 -4.5852 -4.206 ]
[ 4.0552 -2.4583  2.2806  1.0323]
[2.1948  1.3781  1.1582  0.85774]
[ 3.6922 -3.9585  4.3439  1.3517]
[2.0911  0.94358 4.5512  1.234  ]
[ -4.5531 -12.5854  15.4417  -1.4983]
[-4.8554  -5.9037  10.9818  -0.82199]
[ 0.025013  3.3998   -4.4327   -4.2655  ]
[-0.24745  1.9368  -2.4697  -0.80518]
[-0.89809 -4.4862   2.2009   0.50731]
[-6.5084   8.7696   0.23191 -3.937  ]
[ 0.518    0.25865 -0.84085  0.96118]
[-0.36506  2.8928  -3.6461  -3.0603 ]
[ -3.8858 -12.8461  12.7957  -3.1353]
[-0.74324 -0.32902 -0.42785  0.23317]
[-4.2932   3.3419   0.77258 -0.99785]
[ 1.2198   2.0982  -3.1954   0.12843]
[-0.28015  3.0729  -3.3857  -2.9155 ]
[-0.39416  -0.020702 -0.066267 -0.44699 ]
[ 0.67886  4.1199  -4.569   -4.1414 ]
[ 4.988   7.2052 -3.2846 -1.1608]
[2.2504  3.5757  0.35273 0.2836 ]
[ 3.359   9.8022 -3.8209 -3.7133]
[ 0.76163  5.8209   1.1959  -0.64613]
[ 4.2475   1.4816  -0.48355  0.95343]
[1.5902  2.2948  3.2403  0.18404]
[ 0.5415   6.0319   1.6825  -0.46122]
[-1.1804  11.5093   0.15565 -6.8194 ]
[3.1088  3.1122  0.80857 0.4336 ]
[ 4.1349   6.1189  -2.4294  -0.19613]
[1.1558 6.4003 1.5506 0.6961]
[1.7452  4.8028  2.0878  0.62627]
[1.941   0.46351 4.6472  1.0879 ]
[ 1.3264   1.0326   5.6566  -0.41337]
[2.0153  1.8479  3.1375  0.42843]
[-1.6162   0.80908  8.1628   0.60817]
[ 2.8297   6.3485  -0.73546 -0.58665]
[-1.5075   1.9224   7.1466   0.89136]
[ 0.38478  6.5989  -0.3336  -0.56466]
[-1.0292  -6.3879   5.5255   0.79955]
[-0.3481  -0.38696 -0.47841  0.62627]
[-6.1632   8.7096  -0.21621 -3.6345 ]
[-0.55648  3.2136  -3.3085  -2.7965 ]
[-0.53072  -0.097265 -0.21793   1.0426  ]
[-0.89409  3.1991  -1.8219  -2.9452 ]
[-2.41     3.7433  -0.40215 -1.2953 ]
[-0.61442  -0.091058 -0.31818   0.50214 ]
[ 1.5631   0.89599 -1.9702   0.65472]
[-4.2887 -7.8633 11.8387 -1.8978]
[-0.036127  1.525    -1.4089   -0.76121 ]
[ 0.50813  0.47799 -1.9804   0.57714]
[-1.5572 -9.8808  8.1088 -1.0806]
[-0.86339  1.9348  -2.3729  -1.0897 ]
[-3.2238   2.7935   0.32274 -0.86078]
[-1.0401   9.3987   0.85998 -5.3336 ]
[ 2.2123  -5.8395   7.7687  -0.85302]
[1.9429   6.3961   0.092248 0.58102 ]
[ 0.54777 10.3754  -1.5435  -4.1633 ]
[3.5288  0.71596 1.9507  1.9375 ]
[ 2.229   9.6325 -3.1123 -2.7164]
[-0.78689  9.5663  -3.7867  -7.5034 ]
[ 3.8384    6.1851   -2.0439   -0.033204]
[ 3.1836  7.2321 -1.0713 -2.5909]
[0.68087 2.3259  4.9085  0.54998]
[ 2.3164  -2.628    3.1529  -0.08622]
[-0.96511  9.4111   1.7305  -4.8629 ]
[1.602   6.1251  0.52924 0.47886]
[ 0.12326  8.9848  -0.9351  -2.4332 ]
[ 0.85574    0.0082678  6.6042    -0.53104  ]
[ 3.534   9.3614 -3.6316 -1.2461]
[2.8237  2.8597  0.19678 0.57196]
[3.8027  0.81529 2.1041  1.0245 ]
[-1.8584  7.886  -1.6643 -1.8384]
[-2.0529   3.8385  -0.79544 -1.2138 ]
[ 0.16358 -3.3584   1.3749   1.3569 ]
[-1.7886  -6.3486   5.6154   0.42584]
[-3.2305  -7.2135  11.6433  -0.94613]
[-2.4365  3.6026 -1.4166 -2.8948]
[-0.50816  2.868   -1.8108  -2.2612 ]
[-2.3797  -1.4402   1.1273   0.16076]
[-6.7526    8.8172   -0.061983 -3.725   ]
[-2.5961  -9.349    9.7942  -0.28018]
[-3.3203  -0.02691  2.9618  -0.44958]
[-3.4605   2.6901   0.16165 -1.0224 ]
[-2.3142   2.0838  -0.46813 -1.6767 ]
[-1.6029  -0.38903  1.62     1.9103 ]
[-2.8391  -6.63    10.4849  -0.42113]
[-1.8391  -9.0883   9.2416  -0.10432]
[-4.2859   8.5234   3.1392  -0.91639]
[ 4.2406 -2.4852  1.608   0.7155]
[-1.8584  7.886  -1.6643 -1.8384]
[-0.062025  6.1975    1.099    -1.131   ]
[ 0.83292  7.5404   0.65005 -0.92544]
[2.5581  2.6218  1.8513  0.40257]
[-2.4953 11.1472  1.9353 -3.4638]
[ 0.3798  0.7098  0.7572 -0.4444]
[ 3.2692    3.4184    0.20706  -0.066824]
[ 3.2351  9.647  -3.2074 -2.5948]
[ 2.4391   6.4417  -0.80743 -0.69139]
[ 1.6426   3.0149   0.22849 -0.147  ]
[ 0.29961  7.1328  -0.31475 -1.1828 ]
[ 0.5706 -0.0248  1.2421 -0.5621]
[ 0.74841  7.2756   1.1504  -0.5388 ]
[ 4.0215  -2.7004   2.4957   0.36636]
[ 5.438   9.4669 -4.9417 -3.9202]
[ 2.6415   7.586   -0.28562 -1.6677 ]
[ 2.1319   -2.0403    2.5574   -0.061652]
[-0.60254  1.7237  -2.1501  -0.77027]
[-0.41645  0.32487 -0.33617 -0.36036]
[-1.6176   1.0926  -0.35502 -0.59958]
[-3.3458  -0.50491  2.6328   0.53705]
[-1.6677  -7.1535   7.8929   0.96765]
[-1.0112  2.9984 -1.1664 -1.6185]
[ 0.37637 -0.82358  0.78543  0.74524]
[-3.7181  -8.5089  12.363   -0.95518]
[-0.49948  1.7734  -2.2469  -0.68104]
[ 0.48797  3.5674  -4.3882  -3.8116 ]
[-3.8552   3.5219  -0.38415 -3.8608 ]
[ 3.1201e-03 -4.0061e+00  1.7956e+00  9.1722e-01]
[-6.3679  8.0102  0.4247 -3.2207]
[ -2.7611 -10.5099   9.0239  -1.9547]
[-1.4628  -1.5706   2.4357   0.49826]
